Substitution Type	Trinucleotide	SBS1	SBS2_13	SBS4	SBS5	SBS16	SBS18	Sig-A	Sig-B
C>A	ACA	0.016479719	0.002740044	0.05426818	0.007927441	0.007996526	0.059416718	0.023730644	0.005531731
C>A	ACC	0.006206065	0.001845925	0.034570627	0.006818351	0.011660877	0.005312797	0.013794655	0.008786439
C>A	ACG	0.001720263	0.00041147	0.010440891	0.00141105	0.01190975	0.003511938	0.002546652	0.002823702
C>A	ACT	0.012849004	0.001075677	0.037749302	0.005613944	0.007813982	0.02061552	0.013185259	0.00393679
C>A	CCA	0.009616528	0.003831829	0.077171261	0.004735029	0.007954194	0.030298897	0.023512312	0.007361905
C>A	CCC	0.002813694	0.000828064	0.067904626	0.003574564	0.008741656	0.006671575	0.012489502	0.010108072
C>A	CCG	0.001257106	0.000860905	0.014591418	0.000403178	0.015571677	0.003540394	0.001829952	0.003290383
C>A	CCT	0.008999619	0.001265616	0.065604782	0.004657886	0.003464099	0.019314648	0.012984387	0.011818083
C>A	GCA	0.010486952	0.002712563	0.029903193	0.005077282	0.010418722	0.150378498	0.01764192	0.006499878
C>A	GCC	0.003733241	0.00185301	0.030085949	0.004687902	0.011033238	0.0134562	0.012564219	0.01205839
C>A	GCG	0.001964274	0.001027487	0.009014894	0.000789923	0.01162695	0.007908123	0.002176518	0.003981307
C>A	GCT	0.011089868	0.002245559	0.022160022	0.004312796	0.010201832	0.061535266	0.009416055	0.008749034
C>A	TCA	0.007317429	0.026878058	0.04263051	0.002903133	0.009478012	0.065219774	0.025949154	0.005637447
C>A	TCC	0.006716902	0.012234431	0.051126026	0.006702247	0.015620046	0.021930054	0.025297004	0.010467688
C>A	TCG	0.001310177	0.000810532	0.006002773	0.000791945	0.01019861	0.00699155	0.004192789	0.005435876
C>A	TCT	0.017446935	0.016015245	0.048933148	0.004238582	0.007222212	0.112347228	0.034691678	0.005799841
C>G	ACA	0.005207675	0.002693411	0.012254517	0.005863579	0.002606575	0.005440974	0.008001695	0.003521726
C>G	ACC	0.002717477	0.002023683	0.004800078	0.004466613	0.003087102	0.002771101	0.004893791	0.003950024
C>G	ACG	0.001676782	0.000698494	0.002110018	0.000694268	0.002770492	0.002200563	0.001328866	0.00273479
C>G	ACT	0.003468441	0.003238545	0.007340912	0.007521351	0.007748691	0.004827191	0.008020821	0.006350502
C>G	CCA	0.001657853	0.003679716	0.009829819	0.005248587	0.002836844	0.002247528	0.004409988	0.004241228
C>G	CCC	0.002250585	0.002048235	0.00688924	0.005814703	0.003319719	0.001786146	0.0052728	0.003027208
C>G	CCG	0.001875306	0.000600506	0.003262773	0.000899881	0.003783109	0.001795053	0.00121667	0.001881798
C>G	CCT	0.002351878	0.005674048	0.008388255	0.01025999	0.004024268	0.004812761	0.007482383	0.00569398
C>G	GCA	0.001509381	0.000947605	0.007477167	0.004164526	0.002664611	0.001732037	0.002039898	0.002601668
C>G	GCC	0.001554096	0.000838294	0.006173462	0.004560743	0.006064881	0.0013799	0.002805794	0.003306606
C>G	GCG	0.000904852	0.00040271	0.002716238	0.000579557	0.00209338	0.001299145	0.000501857	0.001997608
C>G	GCT	0.00187531	0.001895375	0.005840849	0.005936016	0.005911711	0.002229496	0.002486964	0.006591576
C>G	TCA	0.003077543	0.172576631	0.011620374	0.005338181	0.005790092	0.002657728	0.010559988	0.004091913
C>G	TCC	0.002599129	0.037660464	0.008776284	0.006528214	0.005931962	0.002206514	0.007438102	0.006422923
C>G	TCG	0.001728207	0.00586036	0.001554732	0.00075192	0.001589891	0.001364214	0.000546602	0.002660501
C>G	TCT	0.006271373	0.195832013	0.012718942	0.013297698	0.014399883	0.006076877	0.017240346	0.004535074
C>T	ACA	0.030874799	0.004730329	0.012942183	0.016952219	0.016373893	0.023964659	0.025885904	0.011120303
C>T	ACC	0.01908954	0.000995851	0.004809332	0.013602056	0.01879626	0.015220448	0.018336157	0.005680454
C>T	ACG	0.148496256	0.005853619	0.00201381	0.022110996	0.005941384	0.01112936	0.010418405	0.004238847
C>T	ACT	0.020272417	0.003279472	0.007092478	0.011535731	0.024505053	0.013989821	0.022518948	0.006790336
C>T	CCA	0.021782496	0.005313711	0.014616218	0.017632525	0.031237143	0.019589003	0.030936494	0.005102437
C>T	CCC	0.014764884	0.002567512	0.010549021	0.01989673	0.025737924	0.014817336	0.023631237	0.007347672
C>T	CCG	0.08205452	0.003917992	0.003377288	0.01190674	0.005268025	0.008453804	0.008103678	0.005942419
C>T	CCT	0.026278656	0.002348392	0.01866985	0.023042227	0.027905713	0.013229627	0.038237108	0.01080671
C>T	GCA	0.011612491	0.005347976	0.004969868	0.018147786	0.016097364	0.014102021	0.028494222	0.006080859
C>T	GCC	0.01941918	0.004202954	0.004631119	0.016588154	0.017024355	0.011059639	0.025573247	0.007072539
C>T	GCG	0.090941363	0.004831151	0.002684581	0.013680701	0.009684116	0.008928891	0.01219694	0.012738376
C>T	GCT	0.02100357	0.004618686	0.006213006	0.017903909	0.017635152	0.010047489	0.026933215	0.005851206
C>T	TCA	0.010985009	0.212870687	0.005757322	0.013634687	0.032542333	0.018107038	0.05089015	0.004664872
C>T	TCC	0.02358604	0.040486226	0.007823826	0.016639258	0.017226067	0.012001036	0.034471728	0.006160089
C>T	TCG	0.059932423	0.022808993	0.000665836	0.008662792	0.002665499	0.011800045	0.010019398	0.004648012
C>T	TCT	0.015518727	0.096518124	0.009867563	0.011997905	0.037063529	0.011954987	0.045273151	0.006781515
T>A	ATA	0.008357181	0.001302019	0.007780368	0.011739959	0.006098376	0.003512893	0.006593671	0.031413311
T>A	ATC	0.007073758	0.002032811	0.003516115	0.006493317	0.003244982	0.001368675	0.006295032	0.020410245
T>A	ATG	0.007446871	0.001725397	0.009534556	0.010988964	0.002217855	0.002639828	0.004221027	0.039747168
T>A	ATT	0.009649229	0.00287608	0.005529362	0.007770604	0.006689255	0.004067046	0.013364507	0.034496113
T>A	CTA	0.001196993	0.000511763	0.011626347	0.003139954	0.003365696	0.004305964	0.004540628	0.021208665
T>A	CTC	0.003439725	0.001308603	0.00823471	0.003436863	0.005598256	0.002708301	0.00464172	0.018112234
T>A	CTG	0.002122055	0.001116829	0.019455246	0.005007225	0.003748227	0.001344182	0.003326767	0.026680827
T>A	CTT	0.006566157	0.000992542	0.009147118	0.004011873	0.004278552	0.001812213	0.007460644	0.024204166
T>A	GTA	0.0021748	0.000634076	0.005665724	0.003017248	0.001585213	0.002549966	0.001976809	0.018864321
T>A	GTC	0.003721715	0.00077966	0.002467106	0.002124547	0.001528994	4.32E-05	0.002022905	0.010746368
T>A	GTG	0.002529007	0.001052317	0.007067055	0.004822933	0.004165839	0.001337379	0.001124668	0.015223402
T>A	GTT	0.005018837	0.001113727	0.00435566	0.003240767	0.003021054	0.003456092	0.001925285	0.012690109
T>A	TTA	0.005027976	0.001106193	0.007733056	0.008398875	0.004010821	0.00538531	0.007753442	0.026271368
T>A	TTC	0.002892243	0.001788916	0.003422793	0.00365143	0.002430562	0.00274093	0.005743413	0.022871548
T>A	TTG	0.001877975	0.000559953	0.005882897	0.004520047	0.004072444	0.002270575	0.001398959	0.019640322
T>A	TTT	0.00912125	0.001818889	0.006541806	0.006304762	0.00234078	0.004458883	0.011533601	0.027304313
T>C	ATA	0.004153492	0.004714381	0.003550433	0.075699899	0.129351306	0.010958193	0.016780034	0.005566769
T>C	ATC	0.006064487	0.001624899	0.001996533	0.020407216	0.010876439	0.001794625	0.005395166	0.011405102
T>C	ATG	0.004159459	0.001597524	0.003551405	0.057889947	0.032542136	0.006598886	0.009510924	0.007099896
T>C	ATT	0.014846027	0.001686245	0.004198109	0.052272563	0.083503358	0.007462094	0.016094507	0.008690636
T>C	CTA	0.002771769	0.001380247	0.002728622	0.020780635	0.017774131	0.004880696	0.004323443	0.008729662
T>C	CTC	0.007212597	0.001067531	0.002503173	0.012027264	0.005691499	0.00178829	0.004652632	0.010322557
T>C	CTG	0.002561905	0.001786882	0.004079102	0.021060298	0.004755197	0.00394277	0.002483782	0.008137758
T>C	CTT	0.005168199	0.001970791	0.002170988	0.015302849	0.014632116	0.003099407	0.007462254	0.009518759
T>C	GTA	0.002000848	0.001752697	0.00079559	0.029306189	0.015179721	0.003121646	0.007168238	0.023817379
T>C	GTC	0.007159416	0.001125563	0.000983385	0.011370158	0.002870863	0.00136137	0.006546838	0.01770637
T>C	GTG	0.001309834	0.0013742	0.001081644	0.018947788	0.00461922	0.002619052	0.003997021	0.024246547
T>C	GTT	0.010866655	0.001246021	0.001068468	0.022868451	0.006876196	0.006981942	0.012996949	0.032246226
T>C	TTA	0.002523589	0.001268278	0.001818932	0.031804649	0.008110769	0.006172255	0.010107496	0.012594015
T>C	TTC	0.006859551	0.001810388	0.001516062	0.012414768	0.004516727	0.002722356	0.006218233	0.009285037
T>C	TTG	0.002350018	0.001138229	0.000906729	0.016827101	0.00537036	0.006194466	0.002696635	0.008513452
T>C	TTT	0.010268402	0.002733903	0.001012099	0.023667339	0.006238781	0.010202604	0.010617741	0.017380583
T>G	ATA	0.002781274	0.000679418	0.001487142	0.00407689	0.004891205	0.000937171	0.003026984	0.012089097
T>G	ATC	0.001482554	0.000598027	0.000641361	0.002645404	0.001809092	0.000458259	0.002224833	0.004018586
T>G	ATG	0.003958603	0.00106155	0.001395324	0.003105083	0.001938602	0.001402514	0.002360985	0.010233167
T>G	ATT	0.004794762	0.001458498	0.000498812	0.005886985	0.002785144	0.002702489	0.007379035	0.010994322
T>G	CTA	0.001164016	0.00079747	0.001182436	0.003294113	0.003662046	0.001375727	0.002179954	0.003539194
T>G	CTC	0.002941775	0.001156282	0.000765257	0.003966073	0.003098915	4.61E-05	0.002911959	0.004827724
T>G	CTG	0.003681425	0.001040211	0.002908692	0.00381043	0.00354471	0.000496414	0.002818824	0.006750533
T>G	CTT	0.004514379	0.001461385	0.000893031	0.006843425	0.003972507	0.003190631	0.006427039	0.010923276
T>G	GTA	0.001989968	0.000249693	0.000596141	0.002284718	0.001692082	0.000491108	0.001347222	0.002899763
T>G	GTC	0.001942102	0.000468315	0.000445093	0.001508445	0.001059768	4.46E-05	0.001304477	0.003702198
T>G	GTG	0.002754473	0.00055083	0.001043814	0.001842889	0.001440797	0.000499809	0.000941353	0.006603905
T>G	GTT	0.003133384	0.000858832	0.000736871	0.003017506	0.002146368	0.002229033	0.002485565	0.005195588
T>G	TTA	0.004713558	0.001044733	0.00108576	0.005813295	0.004594548	0.000906514	0.003491749	0.008199284
T>G	TTC	0.00293718	0.000851002	0.000503472	0.004249441	0.002687558	0.00226443	0.004181994	0.008351991
T>G	TTG	0.003942172	0.000827631	0.001594041	0.004392478	0.002789592	0.00093667	0.004157209	0.013517437
T>G	TTT	0.007430317	0.0039003	0.001707048	0.011440849	0.005341941	0.006444628	0.009616601	0.016086369
