0	P5	P16	N1	P20	N2	P45	N3	N4	N5	P6	N6	P24	P40	P23	P4	P27	N7	P31	N8	P35	P1	N9	P29	P36	N10	P21	N11	P22	P18
A[C>A]A	0.00714590143831082	0.0178553592716159	0.00722322261366055	0.0257227813167826	0.0109909722750031	0.049265928713414	0.0218127615697621	0.00498209255421375	0.00551257582901703	0.0116592841103955	0.000899527982464715	0.0105958466139678	0.00431586432577948	0.0128121325502786	0.0455267391406272	0.047143593955775	0.0047952489965661	0.0126958910590751	0.00452253595091228	0.00227310913383289	0.00855219004349194	0.00577404411507198	0.00283204978514008	0.0283701789233544	0.00902150990926438	0.0263715696250639	0.0050228540001641	0.0105446548714602	0.00261456638044683	0.0015470848246169
A[C>A]C	0.00737234531580725	0.0123482077649273	0.0015305193558469	0.0151838508072815	0.00699230761546348	0.0277843381094942	0.0139551171344604	0.0065720186338674	0.00488437652559463	0.0058924855649332	0.00190000664104411	0.00888283901195516	0.00341898187286166	0.0526540897201313	0.0189894724889674	0.0348208702908609	0.00432086978826632	0.0074598734664437	0.00268555681574101	0.0100413835595589	0.00702575468867707	0.00918702569946641	0.00579205285478142	0.0205828191341562	0.0133876608645056	0.00335267970690088	0.00305882443044803	0.0131977544609338	0.00180086682271991	0.0111842272444661
A[C>A]G	0.00663155723975071	0.00445584317398087	0.000434208790512429	0.00163758782657843	0.00156164651617432	0.00684441596232601	0.00331007137100862	0.000897604334216301	0.00139152102582144	0.0018025402783334	0.00144006556432653	0.00137398070249915	0.000753749162085879	0.00336468553017363	0.00391017115241515	0.0107330985041076	0.00180627404390295	0.00282318436699435	0.00183609052400021	0.00232547538044651	0.00172186155812279	0.00159770372458262	0.00179873724069464	0.0180098331173791	0.00267952434008837	0.00555669306152082	0.00142777221578048	0.00333526496300547	0.00119790010763029	0.00225546749679093
A[C>A]T	0.00653675294771345	0.0108864992144006	0.00292818464528983	0.0131512263148265	0.00763411576652949	0.0328089754342447	0.0137685364100898	0.00519083655183419	0.00262711570968884	0.0100385223698364	0.000748258456187359	0.00657216268017097	0.00362717223922063	0.0149189514044178	0.0220886231692751	0.0311443338231935	0.00288423830524345	0.00942003239379946	0.00179827611018167	0.00229771472934674	0.00395771786278768	0.00357278818160723	0.00352583308165318	0.0194783709952825	0.00676614200195846	0.00254127662091636	0.00154662152217462	0.0156860757986203	0.00170495109336283	0.0455031297739784
C[C>A]A	0.0130481604984264	0.0159709995798974	0.010460799357021	0.0111818675372418	0.0105644399758956	0.0446992837555405	0.0145490758969403	0.00620389913391315	0.00733269356708364	0.00962316269123947	0.00332264707315135	0.0150461003042482	0.00537637259522438	0.0266972624180769	0.0431086763454775	0.0550429912442776	0.00499305736493187	0.0107225480736579	0.00460273719977576	0.0031591824954318	0.00955881339073197	0.00387231544317302	0.00765209032788334	0.0217729234635938	0.0106069865831245	0.0345952302753058	0.00353442277066417	0.0114822744573378	0.00290070076639543	0.0196887543067577
C[C>A]C	0.0118963359518385	0.0145156033409786	0.00605756191291746	0.00638086142981872	0.00734961614522106	0.0431557551157304	0.0114098923932439	0.00558424994585944	0.00921875688424196	0.00979889952583917	0.0155415000729729	0.00569483404462442	0.00419277657135457	0.0339573819523497	0.0137374415977693	0.0689695771726154	0.00788327490090059	0.0101668524154602	0.00965296531187688	0.00396488275467176	0.00696637793390108	0.00444585108378694	0.00856352574606007	0.0293832158461764	0.0118127253468065	0.00996589918647278	0.00266425380086901	0.0117227543749187	0.00179111442443167	0.018236731236522
C[C>A]G	0.00659236289708739	0.00482875746742529	0.00166290842328737	0.000911640379151662	0.00178878537828539	0.00710073707632385	0.00176024181088114	0.00120525499417835	0.00266374827377424	0.00133544116298996	0.00208435062922141	0.0031911331722518	0.000852418677245296	0.00283137887775834	0.00468089352587998	0.0139004355815219	0.00228940897557287	0.00319239579014126	0.00299927495070284	0.00259173731539453	0.00308238057591284	0.00263590641627268	0.00279430318917032	0.0113968163862073	0.00241155348378519	0.00346035525089655	0.00148271557585214	0.00446056281429479	0.00105712738226688	0.00399181844636644
C[C>A]T	0.0158105618276463	0.0121431866820924	0.00502763799760926	0.0080679388619661	0.00594106956532149	0.0364706680501629	0.00983131757227503	0.00584981364316962	0.00484112107538428	0.00640943298145876	0.0184703987958015	0.0163492025063995	0.00330167195692785	0.0461480161285796	0.0350823903540937	0.0483732333957057	0.0051358230936654	0.00866930829481374	0.00769071828528686	0.00265556647457891	0.00453977649844303	0.00378544776515178	0.0128882877172432	0.0163754969764139	0.0344073252755259	0.0130326650818577	0.00199907745669367	0.0129012396905818	0.00295041301239648	0.251630369654024
G[C>A]A	0.00691807295102868	0.0119285152911599	0.00493789152440898	0.0197630527664399	0.00576261069674226	0.032551363041665	0.016095463216368	0.00170095299786599	0.00433431021894371	0.00478371888519586	0.00147145535724365	0.00348419366473701	0.00377613426793126	0.0166031166777277	0.0735998979025702	0.0339063762455897	0.00220694309687568	0.00297672574252852	0.00289184048582143	0.00255552397151871	0.0044109824514534	0.00366991258782705	0.00354688423240537	0.0487638467922008	0.0105557996005144	0.051599468835057	0.00592449591321063	0.00433142632323946	0.00322704824212424	0.00379296500921613
G[C>A]C	0.00772980720605504	0.0122446121707657	0.00263562292441125	0.00646422616573778	0.0071631871610813	0.0249486635776753	0.0126680890021359	0.0024153956532488	0.00483540944338767	0.00468208473187239	0.00153974930488544	0.00638208579985769	0.00112525907796905	0.0561989105928592	0.0236858556871388	0.0422272886466544	0.00548827473091806	0.00327349291786922	0.00426084293333913	0.00356816899596076	0.00526743781002353	0.0049549416229714	0.00939905367748663	0.121557573933954	0.0232842832807111	0.00886500065775224	0.00356424931674842	0.00896476914809625	0.00193745906791106	0.0210474369127058
G[C>A]G	0.00477023620344729	0.00461774404100705	0.000367298099225431	0.00236646693921993	0.00123638806437602	0.00700235439300763	0.0030816739559306	0.00127522712658095	0.000963499918998943	0.00166174386582136	0.000671170343381142	0.00259667772537839	0.000906806205388166	0.00252884065911362	0.0063889271207168	0.0130436093010762	0.00144032895162839	0.00287713289533832	0.00145941957904018	0.00530172299182199	0.00448690685488074	0.00135948208320076	0.00147929177213905	0.0527443581593115	0.00287089019316369	0.00286998217254809	0.00131909446850057	0.00331168507227342	0.00107375394226878	0.00109142565823656
G[C>A]T	0.00680238305275354	0.00793716385416895	0.00132446608267279	0.0108221371871682	0.00499496001811985	0.0247228731509447	0.00675072411541145	0.00457666164349691	0.00291889312692618	0.00696714555954177	0.00159721691560148	0.00562337455151082	0.0016615427833829	0.0132768301618903	0.0453822845781837	0.0297272125631557	0.00259160665993281	0.00214511706029894	0.00136681784737735	0.00422976644612908	0.00529697592456346	0.0019201601426378	0.00517435886471796	0.0564319543008652	0.00603408151990996	0.00539711496219261	0.00313886830772534	0.0100248207519169	0.00315448958664957	0.0860785213604782
T[C>A]A	0.0129736143512202	0.0138083855843024	0.00568148211015763	0.0306657101688579	0.00938376238742858	0.0346881892449805	0.021766014468652	0.00444617341888764	0.010312142872771	0.00770818845547273	0.00191543863211901	0.021954580744192	0.00275306882514564	0.0120140701105848	0.0660823846620051	0.0452834877982548	0.00406044450469832	0.0137219716337393	0.00402954824549663	0.00237043158690086	0.00544457973643771	0.00240464901468274	0.00847719644530647	0.0294381305822941	0.00627957894247846	0.0109883799914426	0.00357065684704369	0.0121821804317955	0.00160389607990819	0.00376777784033248
T[C>A]C	0.00964353750335074	0.0166338280819357	0.00566408637361153	0.0248681536591827	0.006663781908532	0.0360159205115815	0.0223544535268645	0.00364006929602579	0.012615746143897	0.00907889115480823	0.00347935500918788	0.0119840770349992	0.00205304090454507	0.0279147698500471	0.0392424986117849	0.0609479573553653	0.00530798245855873	0.0138779539696821	0.00259200967309987	0.00291366938640093	0.0059808622529042	0.00489001345842524	0.0146436836673028	0.036848405309147	0.0126135932965144	0.00831007173022208	0.00140842512976696	0.00878637741444312	0.00162131820706565	0.0227899678182951
T[C>A]G	0.00572745593898089	0.00411465901348207	0.00152044360492658	0.0029051617317759	0.0010717561416411	0.00364216863122425	0.0036877956964759	0.000611913406836351	0.00230503689064081	0.00142807680154493	0.000969941099612741	0.00166623316882788	0.00106024937134668	0.00214448489221982	0.0103616201909176	0.0116426910523169	0.000815688898674935	0.001648338566923	0.00241560729146765	0.000854183861469095	0.000894141475109907	0.00207623310376551	0.00163449714160552	0.00812779540219224	0.00184286467700032	0.00336587774784197	0.0011636598803151	0.00135249872676445	0.00124552139376242	0.00169770190978425
T[C>A]T	0.0153176900067899	0.0138790861704816	0.00271376362938324	0.0451052296602479	0.00804670467454179	0.0323444379146992	0.0274123908518398	0.00733617691478353	0.0080908687918895	0.00809803991827841	0.00289286065932775	0.0132951555512586	0.00330516404308808	0.0115923522122885	0.109953649417556	0.056636010981137	0.00204744018538199	0.00960444133025896	0.0021669913778395	0.007773830126306	0.00693769113696631	0.00202837724245939	0.0157415158299224	0.0193879370494176	0.0105571375594802	0.00882122667708096	0.00170470437482193	0.00703526341968151	0.00379745871623369	0.11204667092425
A[C>G]A	0.00662609156485955	0.0077185249839047	0.00212216622443005	0.00362490860548003	0.00205577817763582	0.0071436487231322	0.00758311358948088	0.00434036659490532	0.00146986227440192	0.00457481089982139	0.00204139512792406	0.0225684268387427	0.00279955716149394	0.00453060197759758	0.00771543630482211	0.00178013425428092	0.00206435596586947	0.00757660264378143	0.00225314034242207	0.0156005323942859	0.00421907434543384	0.00251872641464441	0.00274496722842671	0.00557661441628432	0.00752949130535991	0.00487769191322951	0.00451346142996883	0.00377863319999826	0.00158972150336732	0.00154703364191148
A[C>G]C	0.00462819343522856	0.00469980635369489	0.00156779241836353	0.00412396182653442	0.000827500138764332	0.00258858616255386	0.00569637930022165	0.00258744909886808	0.00222962719519705	0.00187830660886856	0.000802126099336198	0.0105236527827178	0.000710679020418822	0.00424905507311111	0.00420660517997642	0.000688067993648132	0.000991237580460085	0.0018366001853436	0.00187208194740058	0.00811852590614095	0.00344797006022999	0.00297745518486759	0.00317791545986275	0.00374173571900906	0.00402374955666841	0.00395717872813841	0.00256913957203656	0.00370886351899387	0.00144746328292442	0.00148999366720995
A[C>G]G	0.00236582296930337	0.00176422175144299	0.00018598947976553	0.000527936230400664	0.000241890805259731	0.000455418243778112	0.00189515445537341	0.000341249422120366	0.000862524743452203	0.000562018257593486	0.000276398657019098	0.00224343028716116	0.000315368734209038	0.000414176125875935	0.00432685509709331	0.000539693589775902	0.000552947674477855	0.000688528404225749	0.000424488117301519	0.00500717691526601	0.00162014509801954	0.00156964881387296	0.00147687412461077	0.00161269191953716	0.00196845440544394	0.001566010029917	0.00127976011339949	0.00146340868752094	0.000865066961264867	0.000664270233365953
A[C>G]T	0.00768068068174659	0.00884016062717561	0.00162447481587326	0.0046695985405965	0.00703866687556967	0.00740915113271836	0.0124200117658225	0.00760703793574462	0.00430188832513294	0.0023108501393025	0.00236557835110452	0.0208123714170584	0.00350076618087572	0.00665601584416487	0.00450444976505822	0.0013824814456534	0.0014820526706712	0.00380650243465694	0.00261452135533386	0.0165710599703949	0.00411759541590141	0.00311636668162615	0.002649133467743	0.00445249216471133	0.00533055204711722	0.00440035006500659	0.00165824398950647	0.00226239104794893	0.0027044489424586	0.0017481670747113
C[C>G]A	0.00507714552258798	0.00631734293122769	0.00089978673098439	0.00266980332609833	0.00198576548790446	0.00527671565296638	0.00657563862281133	0.00182947045750828	0.00316242283155767	0.0021096378432613	0.000245375069347621	0.0151133182922233	0.000950498933793715	0.0049153714124602	0.00226572163563136	0.00120488768033616	0.00253382101172832	0.00270442993748636	0.000713845650997549	0.0111239206316327	0.00374829829788434	0.00130090570597212	0.00777574232897476	0.00456651704782154	0.00369529837269206	0.00510184204531528	0.00150967547527397	0.00516236088861854	0.00194006366509617	0.000748898974488594
C[C>G]C	0.00556956430197815	0.00804840258953973	0.000913223378973976	0.00134070387330733	0.00222189069002841	0.00316305037831665	0.00892180382882167	0.00218048969331111	0.00354481039490655	0.00233845358241404	0.000718215568248135	0.0136833455740549	0.000944474413056492	0.00480071643374575	0.00172419668673048	0.00148244328402593	0.00155194568041872	0.00209670438168522	0.00186794128165551	0.0110854131180844	0.00444734719728353	0.00133385312431439	0.00700717839113471	0.00622369079162959	0.00581049720010513	0.00614620852483554	0.00244355135354862	0.00318225931099181	0.00205241522075527	0.00133675462641796
C[C>G]G	0.00329896622080034	0.00267702027586351	0.000190465549544375	0.000714979697433405	0.00059039761977934	0.000821989413779607	0.00155266886988018	0.000333088728571479	0.00135722295560449	0.000727071977676288	0.000443297244664912	0.00205824277964684	0.000223532760974813	0.00115267212884022	0.00159949644635863	0.000950818621619754	0.000550700219077676	0.00109310125084604	0.000768415054742999	0.00424813760540417	0.00183529114440529	0.00191152400373733	0.00806949123168748	0.00168146384215197	0.00109554059956209	0.0025122325788971	0.00139947205490054	0.00152672306178518	0.00165016664455989	0.000875035651739718
C[C>G]T	0.0055217270990442	0.0109708314935326	0.0019324615540018	0.00236006016240379	0.00572496836887655	0.00530635269172279	0.0152983978088473	0.00278510081057095	0.006542246742916	0.00334045852584879	0.000962232618457568	0.0232685299250572	0.00289534046807917	0.0109068983184371	0.00305644039112689	0.00255897359592168	0.00123543122617138	0.00260384059360193	0.00152682975351501	0.0111299517233161	0.00805489955739729	0.00206666422909862	0.00841574910883679	0.00465222736063874	0.00990755380078606	0.00510110541581783	0.00155670718164336	0.00922004378521399	0.00155763541556486	0.00162108088723223
G[C>G]A	0.00315800393944836	0.00384342354544155	0.000659368323033744	0.0013073457799184	0.00125493805078189	0.00393041802004455	0.00319942479468595	0.00126225766479812	0.00123389261355159	0.00124484032793957	0.00088775766799319	0.00541357736763961	0.00136926143703699	0.00330619086448266	0.00778262463752394	0.00114441189753716	0.00161834284993237	0.00136648611926197	0.000824891701960831	0.00940815543909562	0.00252148365382288	0.00152075890777321	0.00129726655466165	0.00375533810026671	0.00490816881783991	0.00822838964023356	0.00230871074394583	0.00289283202731667	0.00109882040768487	0.000912621212320873
G[C>G]C	0.0057304469040075	0.00506519859310459	0.00109833412213157	0.00159937423778945	0.00301278034296435	0.00328411077763359	0.00566928331938847	0.00148577985163054	0.00175499688771031	0.000521659917236684	0.00166434381224277	0.00780363748625033	0.00102490001396076	0.0246764749113319	0.00462974096078142	0.00133406926737383	0.00140938753023392	0.00220606643065459	0.00311276056055198	0.00692848877510786	0.00387380127927223	0.0023195438265144	0.00456915714883637	0.00948216759009761	0.016252920176161	0.00627563211537847	0.0022299484641176	0.00608817935989228	0.00134744890089236	0.00146346919468835
G[C>G]G	0.00196375714468692	0.00113569708432445	0.000194762745825536	0.000141716881630648	0.000135463429694093	0.000789324696766886	0.000600575581465919	0.000501165270005586	0.000402380339949671	0.000333612732834556	0.000251003852927359	0.00111512109946975	0.000787316086316551	0.000484479162303714	0.00131111073444826	0.000661862145514853	0.000778392817641235	0.000775289215917539	0.000532145630079536	0.00160112423398556	0.000418715325727617	0.00110374083784738	0.000655593287833273	0.00395405090335703	0.000604579963110909	0.00137615146643002	0.00104037870956109	0.00277089671007238	0.000761241361093648	0.000661594563404266
G[C>G]T	0.00484642663606861	0.00553941590750704	0.000521923834194224	0.00209721646322562	0.00273960220676215	0.00240552259211027	0.00577658590484465	0.00312853393972419	0.00166004305132017	0.00291202729040148	0.00101258915388918	0.0142561206121437	0.00102016754675003	0.00770693412957	0.00451045487401039	0.000953159735012867	0.000918275241380464	0.00208354574794739	0.00169050922440735	0.00766706687812623	0.00312845975873738	0.00256970328662855	0.00456924725099193	0.00575661543500371	0.00531861310468566	0.00394767070171249	0.00216797550749181	0.00237066978531628	0.00187755842890645	0.00134657100327253
T[C>G]A	0.00576555615258747	0.00768427656751559	0.00167026185934342	0.00919525074492577	0.00165007173941425	0.00521692128846855	0.00931307528223592	0.00214415203530463	0.00489644360340101	0.00448089091869653	0.00038077924867687	0.0914047575137785	0.00163577821271733	0.0026931156981205	0.00353275498928185	0.00130066418610021	0.00342766162612447	0.00707414512460038	0.000985939943094995	0.00972685343063876	0.00243933611027637	0.00161268437955402	0.0116231742562013	0.00655854746226969	0.00566684057143601	0.00925509735681717	0.00455396902254626	0.0106416953566657	0.00198867118378517	0.00098315867183929
T[C>G]C	0.00590137436928863	0.00972033168527533	0.00128188858006165	0.00697865023751053	0.00310631316559081	0.00369101217158792	0.00966187336296436	0.00400638688355109	0.0049164037843535	0.00308513944739633	0.000336449988131627	0.0415220416025117	0.000981505189044905	0.00544268913420758	0.00442382352383476	0.0016102206053231	0.00239043907978299	0.0031528540998414	0.00128613170791632	0.00915004601355573	0.00377074580578835	0.00163405767212352	0.00468604737326685	0.00957641110213458	0.00523266035081937	0.0060695847220662	0.00165759476153131	0.00973327534454974	0.00145588961391526	0.00104150637949273
T[C>G]G	0.00232097639752598	0.00178792304718512	0.000162689127011935	0.000599176706921029	0.000289968564760102	0.000480796813575029	0.00179406771422011	0.000343613152140232	0.000980065648027721	0.000506233020715014	0.000245707048125064	0.00587692743168458	0.000340950497694647	0.000975752876162858	0.00181725864042423	0.00071718809611168	0.000499316521221357	0.000915889360300223	0.000543631590724894	0.00298858215489831	0.000864029085233594	0.00155235728371534	0.00328628022589116	0.00190922856034208	0.00159352250855146	0.00208739474301136	0.00129474614278519	0.00158483399199669	0.00135097280798659	0.000682827182373619
T[C>G]T	0.0100880303751937	0.0163602752639739	0.00268270453206816	0.0133895404610105	0.0262884946244627	0.00947337904217191	0.024284301748641	0.00547589194272917	0.00688050291392583	0.00794116297803073	0.000941008595829925	0.146421088203592	0.00180719139797709	0.0108318478051849	0.00636301926625515	0.00295387661601275	0.00262261174274707	0.00508055336220703	0.00303418509035227	0.0184654971540883	0.00467231641094707	0.00383953065101074	0.00847562364986759	0.00475676654230163	0.00954416928228452	0.0185696698534601	0.00204298841974186	0.0113369165524647	0.00418030822436858	0.00171524015215642
A[C>T]A	0.013055769370256	0.0203112392612645	0.0121068645368905	0.0290581301341462	0.00360551765890817	0.0163762943405189	0.016406636902278	0.0114216563858748	0.0133436537818321	0.00399258840709152	0.044692471338916	0.00614399238151596	0.0168886247043707	0.00586717935474809	0.0078609478518426	0.00358291429132461	0.00280840347643273	0.0197732559584184	0.00537082000609662	0.0398839334572072	0.0601551249012085	0.0254240410184798	0.0123871639946033	0.010973340247887	0.0112937472785421	0.0190682505619392	0.0083039710531844	0.0122671705325126	0.00364143484515462	0.00307206416869668
A[C>T]C	0.011073560010577	0.0119381769282884	0.0024171248163993	0.0181256823566479	0.00202252723919109	0.00836146453656193	0.00983971200697314	0.00446455942341991	0.00501504448199955	0.00373175499969853	0.0209351121927219	0.003038172541897	0.00359746475820107	0.00597669125859044	0.00881633908375395	0.00169469637457511	0.00270887576830945	0.0118221779789652	0.00318564713261159	0.0326149138951051	0.05478578079214	0.00742394843030732	0.00916603461306458	0.00690884256342656	0.00858141455043514	0.00389345941891604	0.00601885039897755	0.00725688666978483	0.00245361838339715	0.0166910158768989
A[C>T]G	0.0148771853335982	0.0168431692374951	0.00127902268211021	0.0200439392708195	0.00206613464125079	0.00396897556825851	0.00634012690518723	0.00186354824626962	0.00356266334534764	0.0022031232690307	0.106732034030218	0.00657616852762856	0.00325842787185284	0.00890733756963346	0.0169041507167505	0.00902608135820342	0.00125740736719439	0.00458385735185543	0.0151924145500305	0.0391444081521891	0.012325474491451	0.210363468086897	0.0073264214401533	0.00599590449242568	0.0109508405170128	0.0102335724802961	0.00172820028766306	0.0132545804162171	0.00162797988929042	0.0327930363495669
A[C>T]T	0.0105222663747649	0.0143228878327002	0.00269279045378636	0.0200106277272161	0.00430389886740097	0.0133999496833707	0.0119694507102222	0.0166939864534031	0.00582592681624255	0.00483835511789589	0.0139834526284742	0.00322102938813216	0.0316292034698514	0.00382769461510665	0.0101197648246669	0.00256480406296031	0.00170869172598862	0.0207775233737929	0.00307005111685753	0.0359825134766369	0.0226099696061913	0.011655300422561	0.0147620871242154	0.00851384809767571	0.011196596544393	0.0100767722639455	0.00602578579529308	0.0162405630215015	0.00198799908812385	0.0203018133051273
C[C>T]A	0.012632684888543	0.0204383733504561	0.0146639201895365	0.0298219320501036	0.00478405555590012	0.0172055402359563	0.0165292675728911	0.0311841318089636	0.0123277016303325	0.00239005722079733	0.00846630386793589	0.00446451830267623	0.106521105681487	0.00671847521494017	0.00649136713529549	0.00281181205656147	0.00657780438512271	0.0257424533296006	0.00546794423549283	0.0183818137219429	0.0715404676240722	0.0102496026419051	0.0136535959366122	0.00658062468586707	0.0210633261684064	0.0116627221979813	0.00508688764832489	0.00813968371849908	0.00472303405026427	0.00176955174611124
C[C>T]C	0.0156883523019239	0.0175957433583575	0.00524842966499783	0.0237438860590363	0.00417707468707569	0.00854418021398208	0.0146766002835735	0.0096820077742749	0.0117245346912854	0.00457816228789934	0.0191369754725628	0.00895575115480591	0.0584118734127807	0.080175749250342	0.00478687125751994	0.0018792469471718	0.00684605196941409	0.0106728547295658	0.00436455633824138	0.0179173765410146	0.065205431868609	0.00364980815601683	0.00988541880412242	0.00644513191645493	0.12720701693518	0.0058970164825807	0.00421520696562659	0.00596149841821356	0.00263684976586042	0.0016211630678835
C[C>T]G	0.0132916153782512	0.0115933830364441	0.00226228150675891	0.0149548652747597	0.00116384896104781	0.00460481304627223	0.00407545531993244	0.00612164818478903	0.00296632491379246	0.00131651209042613	0.0666740691519845	0.00710493411664534	0.0149883661004523	0.00559992704877581	0.0134352203024634	0.00522071481475643	0.00336719013735622	0.00664723114240273	0.0125028840558513	0.0350713914986179	0.0156039543129336	0.173090029563143	0.00439477070987228	0.00524314331925137	0.015890669474203	0.009102170669875	0.00448512962578163	0.00535368452737851	0.00255287628209937	0.0146886333746723
C[C>T]T	0.0144713240233794	0.024674994736201	0.0121911475721047	0.0283344320278113	0.0120983639472606	0.0183708877922029	0.0144205070377396	0.0320920246415769	0.0154579480170563	0.00320014443393036	0.0145424996597797	0.00365365191990209	0.287051196927239	0.0333714008094744	0.00721495319138863	0.00274644306392263	0.00399323871281651	0.0113092466047636	0.00332220840930555	0.0274628911398829	0.0295458829817485	0.00531039859061095	0.0201356331945876	0.00645181275644965	0.100316077605074	0.00839586834479506	0.00273028534301271	0.00733811869520971	0.00476052482180602	0.00246947400659001
G[C>T]A	0.0122394334744565	0.0166547974459362	0.0110007630533943	0.027169223668313	0.0049705397470262	0.00956409971955808	0.0134621410162213	0.0142141792146292	0.00768468941617902	0.0031557669194082	0.0586361103826928	0.00506922873324523	0.0419815535365794	0.00873931133983209	0.00898788018600351	0.00503690331750988	0.00204937057280063	0.0284345874522651	0.00307060768896827	0.0203134314678433	0.046654516554546	0.00694633188073727	0.00871393406764381	0.0203783501390006	0.00846975871502429	0.0123431334172781	0.00488675417397691	0.00614610144351845	0.00163952136859497	0.00540720987247175
G[C>T]C	0.0179731040732311	0.0152519168328296	0.0030948396145746	0.0223899157652557	0.00326865190879923	0.0072198500582744	0.0127362879632701	0.0076510523944578	0.0084918699102811	0.00579725854594489	0.0748334176077308	0.0065013540296621	0.0283544168016779	0.0234985456353601	0.00949510193548345	0.0074243537161224	0.00368433799676742	0.0178229372311286	0.0113737488571717	0.0145995679638074	0.0594066219230749	0.00799572859026327	0.0181506627114245	0.040333508735078	0.0160618403682866	0.00864799452911797	0.00175101791741898	0.0112215011531666	0.00171285919260775	0.00672244318218079
G[C>T]G	0.0183282141422812	0.0115560599418985	0.000984495948901313	0.0229819761669549	0.00173944682788396	0.00356106992511093	0.00240740146116402	0.00350377981898303	0.00275830545024836	0.00292466602365854	0.134008423128414	0.0119850796722214	0.00155244339663982	0.00845261529852017	0.0215944176787626	0.0100383979512187	0.00138100383821886	0.00326173962024354	0.0234895096904339	0.0191861223773997	0.0111689162902438	0.156591263354971	0.00449699655855474	0.0205373856560036	0.0122935617389306	0.00540286425861837	0.00597546488085483	0.00730719671580875	0.0030089009056708	0.00165575178694238
G[C>T]T	0.0149350819604646	0.0159027499533804	0.00503169351994547	0.0215614650883397	0.00441081915167649	0.0100266556319	0.0102409394788666	0.0180989897413642	0.00564483953420872	0.00241618242313926	0.0409786032064833	0.00541908442542003	0.112950078553167	0.00940861592423462	0.0120853473226187	0.00293917718312591	0.00227674426145774	0.0128827388136541	0.00716269778931897	0.0259962801372568	0.0151302461263514	0.00477034309220432	0.00967168479101952	0.0163219109294533	0.0113740263245423	0.009502133582658	0.00283571084931348	0.0149336421674701	0.00165110602489476	0.0125184749784988
T[C>T]A	0.0218264107615295	0.0221327162017231	0.00532183068975451	0.0515252615284894	0.00552514902092213	0.0192074064904727	0.0234771895103396	0.0220892923748108	0.0146304004048725	0.00284826389338564	0.0118104512660883	0.0380369571158718	0.0200004261769228	0.00324453399109222	0.00560534362786671	0.00292210982678521	0.00280806843887615	0.0176113432194356	0.00198898851482811	0.0179647342995447	0.0567513896137694	0.00419506670482481	0.0219071890779295	0.00497014126401412	0.00659165243263592	0.00775739556937249	0.00969933621603187	0.00893743751061895	0.00181665670228545	0.00289972078646365
T[C>T]C	0.0177603024561438	0.0179654297561858	0.00350132023486679	0.040676736088033	0.00306747918406855	0.0105763270605115	0.0187145418252964	0.0100617278719655	0.0137134874296971	0.00282363104654794	0.0183236138154336	0.0275762273782921	0.00739406988819371	0.0130324273803085	0.00814253686102779	0.00235931766836259	0.00475072431811505	0.00980130751821542	0.00386049135317906	0.0341277056805311	0.06390293192877	0.00238646123018969	0.0140460068193215	0.0131902557992783	0.0185981336324277	0.0109987013788914	0.00423419878642962	0.00848453983279164	0.00615985296669009	0.00437485439075738
T[C>T]G	0.0110908419165927	0.00768186332864569	0.00137043849866212	0.0140425180112166	0.00124594021655021	0.00196381940482746	0.00358876574259057	0.00273984004628743	0.00183430979303901	0.000740091862668445	0.0343406322676645	0.0102738240497485	0.00431593908486174	0.00468542626813441	0.0138428433157624	0.00286873538094114	0.00084886134232104	0.00390139846232261	0.0076752249404359	0.0249398247380291	0.00910294060996349	0.113402396798804	0.00200938493208265	0.00276833725187677	0.00621235357687462	0.0042174708821528	0.00145279230458911	0.0120228777333949	0.00181264833856915	0.00171650769612682
T[C>T]T	0.0240795667490819	0.019372651164128	0.00617328196407238	0.0414726408468983	0.0139310527419233	0.0216400310290194	0.0205127045336846	0.0344564215897988	0.0126127643709941	0.00330442596403388	0.0139668541750555	0.0272984319749769	0.0402194627838141	0.00443480762413358	0.00313385953455173	0.00301920763184304	0.00287744542629936	0.0163814020764186	0.00132364266610541	0.0291721423728663	0.0279849668806642	0.00276306375634789	0.0237367246468272	0.00625757591883078	0.01563703175813	0.0124346673499945	0.00274459954034368	0.00690057855094226	0.00551898385368453	0.00247623918550044
A[T>A]A	0.0109348247105354	0.00919185641505629	0.00500266882731809	0.00911021847005486	0.014561949580734	0.0118076265599895	0.00915991340601729	0.0379805708112456	0.0100424679580802	0.0150320264259321	0.00639843691788988	0.00411311964012762	0.00418550363697639	0.00128392206374466	0.00519437544041564	0.00675972307645268	0.0590216097660928	0.0218520721689112	0.010822370228131	0.00355591758595587	0.00630330498496357	0.00335173117534207	0.00285077184502028	0.00340569610401624	0.00657798168474167	0.00494162851361292	0.0034737451363209	0.00540998503900324	0.00128726801570457	0.0018531544205453
A[T>A]C	0.00726326858282514	0.0069592055126252	0.00482551173477984	0.00890763137958419	0.00592085307999419	0.00333284489019431	0.0070616569598564	0.0122560973654568	0.0053770407819721	0.00640207259716648	0.0142638905612704	0.00302731219451743	0.00247739785932954	0.00616665292097478	0.00459988980365343	0.00589017606705417	0.0106573229354752	0.00210354066809909	0.0043574316672114	0.00277961304426348	0.00243699332063199	0.0104049733773991	0.00418007113059344	0.00257815968341315	0.004816364140967	0.00288792599514586	0.00390676250903674	0.00410815003509199	0.0017150064631994	0.00209832683814067
A[T>A]G	0.00598023712187505	0.0106519642059299	0.00414978469594468	0.00671127441889225	0.00868165082133499	0.0114888508692204	0.00719179493188846	0.0236267613230526	0.0105699466243852	0.0195991900282988	0.000341169281151014	0.00497811869380358	0.00595338408788094	0.00401339936248772	0.00408905680375718	0.00873359785664504	0.0636593210067721	0.00342977261533291	0.00348221573625927	0.00724613740918392	0.00351033146663473	0.00372280202918813	0.0036610700518009	0.00209401535331481	0.00666481558195214	0.0279826573277216	0.00221500229493037	0.0032928475749531	0.00137083954650295	0.000870561319360921
A[T>A]T	0.0120794395440935	0.00819678146543502	0.00447812265391421	0.0178661343866784	0.0114377853846734	0.00805260728554341	0.00997375758723257	0.0229926708400216	0.00311303138593655	0.0104764356404612	0.0202835402799317	0.00395855778545029	0.0020046783484025	0.00449915198207104	0.0236894809983344	0.00829558648956473	0.0158125284307651	0.00383001636923836	0.016307325904123	0.00670842798209907	0.00477679855477637	0.0128687630755598	0.00588304672669162	0.00341157100465255	0.00865887667602117	0.0154834479387112	0.00496907189445937	0.00494614641842574	0.00366483495248843	0.00233544300933241
C[T>A]A	0.00713768408497047	0.00752504134183183	0.00226645406803762	0.00517718394883105	0.00598923203678966	0.00836450510245074	0.0101953707606114	0.0132591777654844	0.00462813490745198	0.0495159627388291	0.000484582246401078	0.00473513972723877	0.00304171386473133	0.0357708117106704	0.0035506977724575	0.0090807967952328	0.100735916185064	0.00612403945645457	0.003548000347959	0.00256578910122315	0.00458258198867641	0.000937493694508091	0.00468203960818955	0.00378404555382056	0.0170069047534848	0.00359149538939522	0.00504074296310139	0.00619290319877412	0.00133144600100895	0.00119332915526215
C[T>A]C	0.00728370412923609	0.00873587631432896	0.0131461033764883	0.00301131084738823	0.0081616257535734	0.00830095344871036	0.0123664382509147	0.0232632029075518	0.0041417116028919	0.0488540840323273	0.00137026515849148	0.00605088778601718	0.00428245747087094	0.0206634840005557	0.00386010712427942	0.0154005036506271	0.0437540549861765	0.00483755539006607	0.00470195157403604	0.0024168313783442	0.00613240943916928	0.00205852862639066	0.0136856463932676	0.00412564892397474	0.0166565983130453	0.00546974986128131	0.0289535515351343	0.00525439855542144	0.00492889875923466	0.00508089962249699
C[T>A]G	0.00709085850506535	0.0156290883556173	0.0070358489261893	0.00559877540319212	0.00700289279465735	0.0124916799028952	0.0146810492359985	0.0106591288654323	0.00731089286027376	0.145475907925979	0.000925856689740762	0.00600638666762969	0.0032887187840946	0.0309688071876936	0.00566893843124664	0.0218127127319279	0.139538211927963	0.00714276402067576	0.00715414072428051	0.00448322907163086	0.00845150259321341	0.00119405465027131	0.0133326590524016	0.00928978833648802	0.0148610130311655	0.0601933581440572	0.00896963648628114	0.0119907322585256	0.001631079837338	0.00163102254060473
C[T>A]T	0.00913786005573858	0.00861946327213408	0.0053930967456944	0.012298268413537	0.0110962685159638	0.00842557999855304	0.00970522640114374	0.0244044469013196	0.00268102107157896	0.027969320135904	0.0011566628552173	0.0134942563333268	0.00528734443454989	0.0491395160037272	0.00210607830375977	0.0109090490136773	0.0454639031550964	0.00439894744161747	0.00445699986971909	0.00224120279464893	0.0057680579575873	0.00184213819770327	0.00496167539178151	0.00595778591093387	0.0220901347940293	0.00261801936989733	0.0525581741522531	0.00707251542418494	0.00922984065542874	0.00333738962285905
G[T>A]A	0.00450744116238066	0.0043402668981923	0.00176874879719926	0.00270817508114103	0.00176533504454852	0.00705770137747347	0.00276050129460177	0.00699359672728979	0.00727891301285678	0.0109510114562927	0.000586026579627909	0.00314260092242052	0.0014702997697902	0.00120038803289343	0.00467613523606986	0.00433703603292304	0.0507119390367923	0.00438789478176455	0.00398216401016501	0.00157986138294457	0.0018928703198301	0.000756813130436599	0.00478384819720019	0.00312038327137354	0.00352233231468544	0.00394654716454113	0.00127333077173095	0.00360663753587992	0.00180475575379396	0.00124473296698842
G[T>A]C	0.00493131164649508	0.0041303158639993	0.00477440244451968	0.00245594944961356	0.00111308848855733	0.0043996357323813	0.00597606067419329	0.00234374898003507	0.00394545215932271	0.0114415607810582	0.00451584350297526	0.003766099727051	0.000746109423780024	0.00574239106377179	0.00224434160094671	0.00402947055295389	0.00877249717576792	0.00210858450322685	0.00559965835256102	0.00281127158463665	0.00192931308742042	0.00260543940831372	0.00675797698927733	0.00266193280939554	0.00397292811796092	0.00176229230652334	0.00616450139421756	0.00427153837467507	0.00158661304242023	0.00612815409299679
G[T>A]G	0.00500358024383879	0.00645646209461854	0.00272741603703564	0.00367388708147371	0.00286856913292739	0.0123859614578381	0.00453772685374052	0.00607298246211333	0.00767812526685223	0.0238918949806217	0.000916413046906054	0.00614444109080918	0.00234420897429479	0.00407426495235386	0.00478154005091138	0.00785412461150722	0.0453181256627374	0.00332383477609723	0.0059650362727042	0.00297586689991605	0.00271777084571156	0.00143191776878249	0.00482029518884008	0.00380261823514203	0.00291935118031534	0.0236746694179007	0.00353738068555327	0.00587079796717206	0.00135335846593397	0.00140488215998848
G[T>A]T	0.00505211023000255	0.00464827485295617	0.00157408592458278	0.00539704915984062	0.000898785572467742	0.00449090484384902	0.00472168202460855	0.00814852289473928	0.00236014284059072	0.00744031123047267	0.00237110958007946	0.00547052918816947	0.00281174975706963	0.00177767419153022	0.00622850714882356	0.00485485858829336	0.00935967846245688	0.00459504041086617	0.0039165389815101	0.00290508145168627	0.00337819027056589	0.00272040651343112	0.00215575588839101	0.00220358692180951	0.00515996275380566	0.00435718763286271	0.00748436736759784	0.00443464113409626	0.00264843299299815	0.00325558048687579
T[T>A]A	0.0114368365156719	0.00860589956923068	0.00413981075216771	0.0139099986247053	0.00646582824504655	0.00976396250618753	0.00867052665928602	0.0256292057779413	0.0107597514243092	0.0230719897883382	0.00555842811713455	0.00584664018460881	0.00326862763370372	0.00101762071611606	0.0124493944934367	0.0102955493137119	0.0653400208634426	0.0208584064372109	0.00794174744497778	0.00642667750497494	0.00522320343297775	0.0102629194385948	0.00687413401548524	0.00444871563905151	0.00695621373207986	0.00690996041063068	0.00448515669101112	0.0065701817381293	0.00150085647983679	0.00145345665655148
T[T>A]C	0.00475509387843326	0.00641790353123001	0.0186648320121277	0.00210199306103537	0.00309171552796038	0.00612060128234464	0.00684746767118821	0.0151579644688514	0.00464417827027108	0.015506001226987	0.000630434922922012	0.00361818173902494	0.00270424600756272	0.00222025939089401	0.00273074849588301	0.00581788956874883	0.0188792977631056	0.00498763647842537	0.00272617127671918	0.00232717535890745	0.00260895773861071	0.00113530533978514	0.00665537557534582	0.00388958598244903	0.00288315573442113	0.00415878822389283	0.0116675166237442	0.00284224372215612	0.00168439435595217	0.00281470278214112
T[T>A]G	0.0062003126800065	0.00699201337643801	0.00420847637354528	0.00386092933105408	0.00402008920910106	0.0119891675840003	0.00416616138353479	0.0119601943800159	0.00756330586113451	0.0284315974485944	0.000472493765552306	0.00252389445402647	0.00261865884018501	0.00169001257378094	0.00201844173840677	0.00843615252406838	0.0540112270802932	0.00413636092193727	0.00345813066791285	0.00203288425959874	0.00626791736449508	0.00118985906188058	0.011516471873876	0.00357926399331591	0.00376583000729996	0.0446001834593769	0.00262700488939998	0.00607989889497813	0.00162989763194074	0.00110704668168714
T[T>A]T	0.0103826471595453	0.010487795293949	0.00831981896907318	0.01295902110314	0.00412699134348342	0.0128894266603923	0.0152629089919153	0.0282831287586162	0.005416424075773	0.013564804553586	0.0032079783685622	0.00503679440584301	0.005061462966866	0.00270797053296375	0.00942438240412693	0.0114263190727321	0.0231924532792363	0.0118004719923912	0.00732149485226315	0.00722550051290193	0.00508520675807287	0.00214002107213952	0.007586034960158	0.00212928852130431	0.00416000152820926	0.00413300683702578	0.0108289240202795	0.0120032146357377	0.00372903840012456	0.00323747268773835
A[T>C]A	0.0165342726835215	0.0388438814404091	0.0831418712085541	0.0124396535721346	0.237745357965098	0.0252306365126411	0.0196663007721917	0.0144685758791691	0.0897786800357954	0.041422003493441	0.00619638083194043	0.00602034904844752	0.00635703863637744	0.0135511217059755	0.00570633726302672	0.0024456857116817	0.018245775225383	0.0582121372833209	0.0556092254661078	0.0375144647405856	0.00942976660921264	0.00627565894053414	0.0162703503144908	0.00636098152792538	0.00960077805761319	0.010743043348734	0.0045307610302696	0.0610402926556526	0.00191749839519509	0.012092647260622
A[T>C]C	0.00894161552109301	0.00957153624147285	0.0400108669633037	0.00387746483122843	0.0141012653175621	0.00434265552547621	0.00890599643938738	0.0124106459264781	0.015387289055247	0.00737011330271883	0.00400127394769701	0.00434731681353034	0.00244523872523519	0.00757982318165992	0.00152643194654829	0.00186137870385152	0.00195917212729869	0.00400729641133142	0.0192394722010346	0.0074653962299877	0.00357162336075712	0.00521272672630204	0.0107522397143041	0.0046702583651144	0.00855679752751689	0.00494010147122124	0.0147344630860258	0.0639117310028086	0.00170230237910067	0.0104350106419757
A[T>C]G	0.012835088582632	0.0328449128936125	0.0468505726949175	0.00594599965130639	0.0538965608681449	0.0170589064127327	0.0156797132196468	0.0208743691694827	0.107025236315503	0.0401519987234693	0.00710478161196033	0.00697520677863009	0.010053940778515	0.00875644488951674	0.00356213227923265	0.00295287221288139	0.00969090498266263	0.00792260262909089	0.0604523183247122	0.0385988401745165	0.00798118642606489	0.00468514662941637	0.0166799590234714	0.0055010079127884	0.00843580701441698	0.017253588578335	0.00336535363184759	0.0260237358807582	0.0017206486360919	0.0132517515602789
A[T>C]T	0.01344843727037	0.0301644266452492	0.0376987252307792	0.0158405708463015	0.13515295734401	0.0119984783494643	0.017146680829451	0.0408113990329649	0.0394529081738824	0.0160239944277979	0.00339329469129865	0.00462266091709963	0.00826657446278674	0.0082797121499297	0.0050646705856135	0.00192467512778654	0.00326057160573477	0.012185472732777	0.0273803574835916	0.0366731323589043	0.0102588483126751	0.0123386254931847	0.00540332646235639	0.00364312159575634	0.0139054770559694	0.00662305858865182	0.0108003512623836	0.0848508485985033	0.00155049108865212	0.00728787074793494
C[T>C]A	0.0114907478423053	0.0122406767225172	0.0362403681468465	0.00384552246824033	0.0219894596822735	0.0116355916217247	0.012425136454442	0.00589201850934367	0.0285560805922263	0.0152443383186201	0.00473429990193065	0.00507221319769066	0.0011182799575275	0.0103353800958754	0.00236393029384121	0.00224704572599462	0.00834129395098434	0.0187758203190854	0.0376400238700265	0.00746359111132808	0.0114566598158026	0.00189145429309424	0.0461241180789937	0.00758525141302381	0.00744088496694477	0.00547696850265338	0.0325779083427279	0.0122158415658077	0.00189440558576242	0.00280136523073934
C[T>C]C	0.0106051936062391	0.00688557262737054	0.055103060261459	0.00224666240390025	0.00822769439082632	0.00283739563354699	0.00679061514669104	0.0212541570365381	0.00504688690257164	0.0210919954983634	0.00227926098599343	0.00601658853328849	0.00153208566589654	0.00788462920298394	0.00747733483764848	0.00139867797315447	0.00313640950225715	0.00406355952218766	0.0200702285976705	0.00433195918807026	0.00821004988750401	0.00311847540829164	0.0225152833219177	0.0041514108703497	0.00927910499556472	0.0143153229113582	0.101060828741157	0.0312481931120296	0.00705462632117746	0.00673390020720182
C[T>C]G	0.0128258196347125	0.0133502909666572	0.0294948529258207	0.00286686323327479	0.0130000600295757	0.00796248401371872	0.00951950574840598	0.00585465547050345	0.0416917718358207	0.0190075698528053	0.0102813940715792	0.011214583545227	0.00378719360464276	0.0110869850763452	0.00523107600441992	0.00253478132974827	0.00387339511645743	0.00402311541365314	0.0641349768706439	0.018492393438097	0.0100637174772185	0.00410778949922415	0.0690733251595545	0.00551249033105716	0.00918909979266674	0.0245156203656856	0.0502617605959086	0.00777000340768109	0.00477793255750061	0.00361580752464166
C[T>C]T	0.0143793645897819	0.0103279073620051	0.0378263396895411	0.00490355599207887	0.0278220024248153	0.00775843168309428	0.00771729546652929	0.030150610488425	0.0137678097353561	0.00949821672820757	0.00427105602512711	0.0080087921898798	0.00441232361309751	0.00993539300519064	0.0100133568460888	0.00176759480207258	0.00159382314835456	0.00687267252905718	0.0304042656445594	0.017132069298868	0.00795668405125901	0.00210748836343677	0.00683672237410914	0.00708051732621444	0.0162061160732075	0.00928195998785437	0.206514735055824	0.0187591748196305	0.0162222074974192	0.00161762149218744
G[T>C]A	0.0148115670276962	0.0149400947207079	0.0579319092483504	0.00621380124800873	0.0093963479402236	0.00845630344167963	0.00927566063782786	0.0124031334965398	0.0297960590215833	0.0182376113490732	0.0194162786367917	0.00835950579773153	0.00454952264557183	0.00802759026072123	0.0031147941153601	0.00132839109117298	0.00456697164305594	0.108681305863976	0.0710349101399566	0.0063036123469505	0.0102533144422993	0.00363532367241916	0.00786392758554052	0.0068351261147937	0.00451131782196551	0.0046125679041369	0.00588605905135981	0.0153523982568127	0.00151554247356276	0.0148309451501185
G[T>C]C	0.0100770510265725	0.00606571274221218	0.0307218911020217	0.00617232196582237	0.0034845846650059	0.00171260438066592	0.00555000655792788	0.0166861730303333	0.0114897928616271	0.00666441476989713	0.0107085582097439	0.00668944018830935	0.00213131595464889	0.0129612242835738	0.00557706250342068	0.000587806918322891	0.0032379684395348	0.00683514365707137	0.0222909289711117	0.00251162459012402	0.00756238773038578	0.00540953762682355	0.00764867548082984	0.00605627004344634	0.00950992860006725	0.00952138844301049	0.021229145681997	0.0194811775027281	0.00139316005412096	0.0148439376032605
G[T>C]G	0.0122262175365254	0.0117320596626108	0.0321844316016742	0.0025043213005894	0.00938321009120677	0.00553564892487364	0.00636126871530059	0.0171072120465358	0.0283725453728779	0.0106132685574216	0.0139694872356591	0.00506993938364967	0.0039782779688708	0.00399720399396517	0.00266241669452382	0.00110286956770394	0.00401467666045022	0.0154110773099204	0.0610062308876923	0.011062889510403	0.0118612808593925	0.00283654394485957	0.0166808256480355	0.00312180935150711	0.00491448279993622	0.0133349440779659	0.0104854773615081	0.0076894552200809	0.00169586194552622	0.0178465201809591
G[T>C]T	0.0138430178410888	0.0152477730172525	0.02932009863057	0.0155563078769157	0.00509723243742272	0.00337868158945204	0.00711162565572143	0.0676406358483244	0.0148396011850089	0.00891440868309574	0.00917163392356639	0.00604412947807754	0.0144230172496387	0.00325036625223102	0.00520161439696654	0.000965031220486158	0.00168934024649549	0.056002251742807	0.0512885659767527	0.0115750390979221	0.00952291558422953	0.00520527461545842	0.00478466510834795	0.00388497730206494	0.00729722113769784	0.00745855546335103	0.0116553098065375	0.0190775969903007	0.00214712039825598	0.021344460735612
T[T>C]A	0.0139714472660479	0.0180683074836694	0.0748154065095075	0.00959509880624938	0.0205009756173809	0.0122340824705134	0.00953450388058522	0.00605440455231179	0.0626305256940537	0.0246331995223798	0.0178446863814041	0.00324266708674206	0.00190772696099126	0.0049991771499053	0.0059784263431197	0.00138033200743292	0.00464023297726651	0.0952280061808231	0.0241507805998201	0.0146899446406622	0.00722281244593184	0.00139180223571226	0.0221457467167985	0.00686671094279688	0.00436359706678241	0.0138628642677936	0.0122295748727992	0.0141568397199502	0.00287393175057286	0.00685701753640534
T[T>C]C	0.00926336082071251	0.00722948384217707	0.0429349914570502	0.00628795550445866	0.0049365041578013	0.00170697542863271	0.00687632520868711	0.0269261608222502	0.0140617703153419	0.00623411021230752	0.0095452853275158	0.00527286422567252	0.0024641645200896	0.00495308597893491	0.00346576596673725	0.00119062188881434	0.00254585590006696	0.00517672421922466	0.0129912535402627	0.00993662692998439	0.0036974630356413	0.00594607045987062	0.0228894164093017	0.00291849613552062	0.00581907662285675	0.0066359286909602	0.0395087536296299	0.0649753912395799	0.00179561496863855	0.00793068103186826
T[T>C]G	0.00927991727591485	0.0117441021864505	0.0313423338345976	0.00678833148031298	0.00952109921811375	0.00529879669626275	0.00495749074165334	0.00502801300391684	0.0521821304537638	0.0259185515441521	0.0138621446917422	0.00723800684637267	0.00378270747297946	0.00649458402694287	0.0035283393289031	0.00102017406058493	0.0039619267654219	0.0076500025325889	0.0194857722698025	0.00973521263659775	0.00519848228133303	0.00263747273564354	0.0195976511014858	0.00505126130400536	0.00328349411508372	0.0164101821306065	0.00928481859127998	0.0102999644697961	0.001721949788895	0.00491111910657216
T[T>C]T	0.0200560253872463	0.0149827002988914	0.0469130089514991	0.0148307635949337	0.0065559021544979	0.00847023510042928	0.00678501107623801	0.045826673529148	0.018857113826642	0.00936938261520021	0.02415213905267	0.00736047414304064	0.0105593991965822	0.00343981428741335	0.00557234203918706	0.00132834623673541	0.0010337663616389	0.0387919323302684	0.0230052414250598	0.0215147714077559	0.00369645316451977	0.00938122695484997	0.00554716573904439	0.00840822687758697	0.0112271317901329	0.00821916311967175	0.042747738049369	0.0205723706305693	0.0014003408934963	0.00466818880068809
A[T>G]A	0.0142238185855062	0.00373437131033063	0.00175635613935287	0.00266534044822169	0.00871425969989985	0.00310548931782136	0.00987940158256032	0.00329387231008476	0.00241847823489937	0.00302221771423366	0.000397912711353444	0.00528487654258794	0.00208433022571116	0.00253760577419832	0.00329886465327938	0.00678460121142912	0.00408346475147463	0.0140013617951876	0.00257096935436097	0.00398691094811147	0.00269299129584342	0.00119188540489998	0.00829981828500349	0.002460876186335	0.00460591501942533	0.00685480413096966	0.00274382338672153	0.00235326317858201	0.00180006301785308	0.000962858807102937
A[T>G]C	0.00683295559502205	0.00264506559417784	0.000805715580925142	0.00212308550604442	0.00448431351166976	0.00200018098338106	0.00762260981580915	0.000476638168346015	0.00159206883027889	0.00130358518268235	0.000423198787929964	0.00326208652782194	0.00110150532830996	0.00160667060548796	0.00108180381142017	0.00236068470128425	0.000790448615373726	0.00243581993047854	0.0064305507646833	0.000992337293199291	0.000997689503454342	0.0014451645446271	0.0122793424942027	0.00188063187315326	0.00336076325767432	0.00344270563125216	0.00468221640847211	0.00201853569589933	0.00634097752582214	0.00419026607817339
A[T>G]G	0.00810153562949154	0.00355389577316035	0.00152331328487025	0.00176342586402583	0.00363240070474646	0.00277106549454973	0.00786618294761844	0.00600423084051167	0.00242582309418628	0.00555551214472536	0.000371357106661834	0.00344362715868688	0.00191282436054015	0.0025437028307117	0.0030034310530749	0.00859800988176287	0.00273250265994977	0.00165095621932473	0.00393959676313162	0.00634141135411251	0.00242235185627189	0.00219176191028611	0.00535573254611138	0.00445963259563247	0.00448478521559493	0.00667465253453228	0.00551210085194969	0.0036539624636133	0.00189767622385113	0.00157882112686063
A[T>G]T	0.0166459586220255	0.00558084214770225	0.00137177393768954	0.00628811194152039	0.0100102669866648	0.0027309247047323	0.0186644741280131	0.0014113421245719	0.00585694402184583	0.00247129968937277	0.000896135204772622	0.00561097498129594	0.00112846148693429	0.00363319652383124	0.00352651672966338	0.0177263909206375	0.00282281956413021	0.00504232840151956	0.00732851129403963	0.00248865590311255	0.00359468280956558	0.00196618420440036	0.0166840995347045	0.00608176774559135	0.0044681963707848	0.00763145738346383	0.022701575272365	0.00607260947576822	0.0612067840835822	0.0138853787735745
C[T>G]A	0.00840338651332905	0.00300167803929842	0.00154146962398752	0.0010406378901507	0.00320602596682272	0.000911642452724355	0.00502780400383825	0.00406761097880416	0.00322012616425778	0.00388514904100949	0.00042877909549894	0.00747029735666455	0.00102325247236434	0.00165760834135734	0.0013756697707349	0.00497103757416315	0.00215846619895315	0.00244065486112111	0.00336729882447269	0.00211148769123751	0.00282017664220651	0.000850862147737596	0.0240011372767953	0.00141072539860451	0.00500904188431777	0.0059147273141636	0.001545360086648	0.00229624313844786	0.00376848816708137	0.00108938527180951
C[T>G]C	0.00815769082686841	0.00670136121282948	0.00299666672720844	0.000929837403404219	0.00375400548376792	0.00120575631526607	0.0200993454104543	0.00246180971612516	0.00288057945212772	0.00253548960075815	0.00179133232869623	0.00239695982501729	0.000728278128188434	0.00175682167328875	0.00166044370147332	0.00713825449330368	0.0015667349544095	0.0024435648142136	0.0147825152001664	0.00111367353579513	0.00161302308657605	0.000900428087112953	0.0165987529484077	0.00306009115595998	0.00611213391744804	0.00882113754379275	0.00225254889110234	0.00298335920635156	0.0409048857170611	0.00371378676495532
C[T>G]G	0.012141343207698	0.00477333849242769	0.000908927481539066	0.00248816082595139	0.00348317733044351	0.00339098487994076	0.0112150943339871	0.00181276922903616	0.00583369206254291	0.0227041345384444	0.00349234890839821	0.00421952394821266	0.00123810863815421	0.00442941688215776	0.00186215815904873	0.00853602885865364	0.0053309258948036	0.00458574573019744	0.014485240626803	0.00265598990540709	0.00270290262074562	0.00312016687666975	0.0281593611614585	0.00498629466558445	0.00383791022731834	0.0424209930944937	0.00401290984321904	0.00345293498515796	0.0184758527503544	0.00211251220101654
C[T>G]T	0.0222036795487689	0.008681505463762	0.00464619698842451	0.00574559948497309	0.0102086516526646	0.00393237789533151	0.0276779276720791	0.00434684469651702	0.00628502986220866	0.00581820997469236	0.00452668153514787	0.00757324275911369	0.00182270008103413	0.00257328027052916	0.00684690985739338	0.0230132019623422	0.00200953629173881	0.00197010082781968	0.0135674768082471	0.00127154196103429	0.00484447949847087	0.00138570579372354	0.0213433005656968	0.00731469243726019	0.00692539589511713	0.00670305098830204	0.00408759448025768	0.0031465913497817	0.455562651065149	0.00431329639541514
G[T>G]A	0.00495084156610762	0.00174128962144836	0.000584478945319453	0.000975978049163655	0.00150850996144438	0.00138982883957226	0.00344706553746173	0.00108978282182609	0.00193921099472907	0.00121470513391616	0.000293378427918525	0.00184472013242231	0.000997407581059285	0.0015077162329304	0.000773346201328823	0.00301380852242906	0.00183619942665401	0.00128781272377859	0.00274917624502207	0.00146411265514605	0.00126174597815922	0.00159850729999856	0.00397211416172838	0.0016890932344706	0.00334955012699344	0.00808166991238515	0.00299056510230012	0.00134915691137013	0.00155859837800121	0.000958281678301488
G[T>G]C	0.00467837492933107	0.00172814600273726	0.000770960142581949	0.00183624216473088	0.000987806623147645	0.00054493138670591	0.00545916275396982	0.000698631800431448	0.00144186108493446	0.00100776444472503	0.000462783798769609	0.00209691782475229	0.000998200499625692	0.0044671518222405	0.00187987523412009	0.00207661079600595	0.000634376556717707	0.00180230155100078	0.00523638510557704	0.000317935460725387	0.00205193488805021	0.000843237889600958	0.00407809902811751	0.00116158374853035	0.00563504479015512	0.00234059800007403	0.0040650408491564	0.0014786209287738	0.00628349958189798	0.00352958184757643
G[T>G]G	0.00672635685861669	0.00245164466270905	0.000502166112329257	0.00276937943618389	0.00158539896732597	0.00198203893967285	0.00373538822826026	0.00344465705079259	0.00178585928229591	0.00478231775210975	0.000590892469658575	0.00656046515929007	0.00153510000508061	0.00299307964060453	0.00299882046749474	0.0024019684179101	0.00293464100026281	0.00208616294560858	0.00528845520606542	0.00111497194156506	0.00372383000311515	0.00345774024936267	0.00383149544370665	0.0016118263903956	0.00454267669541695	0.0241325140706172	0.00210719491719937	0.00412988553772472	0.0036499290237818	0.00276403022073208
G[T>G]T	0.00984251916036934	0.00279177717487023	0.00107533437713844	0.00304745468805147	0.00466737925835575	0.00151471409555663	0.00571802406741847	0.00155055820226296	0.00234214440511667	0.00139494728904053	0.00235451341270363	0.00510031570009873	0.00066944395169815	0.00329090712800656	0.00204517356340385	0.005902214181254	0.00105366223177043	0.00273526850858838	0.0108065056599584	0.000974552156058543	0.00234204815400453	0.00123493231814358	0.00463156509934064	0.00265460911665223	0.00389061994423671	0.00512306048019628	0.0119508277424459	0.00392282210598998	0.0907569844839404	0.00670853411941473
T[T>G]A	0.0174800314976723	0.00518830537588569	0.00196404997582775	0.00258666055867656	0.00735880850140278	0.00396510336122557	0.0134546473757162	0.00382253534553654	0.00648003318026369	0.00232101385091068	0.00026563522950467	0.0107392971699247	0.00218967190279673	0.00301354300630207	0.0016315938308226	0.00771976064678003	0.00217351181178349	0.00405057580831297	0.00226082623564598	0.00588155860349033	0.0020458212218315	0.00139519342147056	0.0142949175463831	0.00253297352360861	0.00601105103047378	0.00285165737394279	0.0015889907811019	0.00344289587493742	0.00177538075547048	0.00088903695002733
T[T>G]C	0.00922249230653973	0.00478135415796009	0.00198064430599975	0.00318244121252467	0.00625201813367237	0.00245820570370358	0.0127790255060953	0.00406005342389242	0.00274388519071946	0.00109429291200089	0.000649391493499691	0.00583845253731917	0.000924242817303902	0.00126014409218427	0.00195448374702672	0.00335244613270987	0.00138787939658111	0.00198973765734255	0.00399912551892421	0.00226297028879214	0.00154092909662728	0.00161835520100493	0.016440793114952	0.00244832377944686	0.00530093414518084	0.00440591982558574	0.00587121590854473	0.00326272931234936	0.00738609515470332	0.00300105205439629
T[T>G]G	0.00918195579550768	0.00465176702128044	0.00084950966647447	0.00307651822100137	0.00525605675385737	0.00275398530706125	0.00836671525793417	0.00346773777203899	0.00598243436787042	0.00825675620124434	0.00064707256004383	0.00621993279633449	0.00268126784439066	0.00467355209993972	0.00308847765223386	0.00620775294733972	0.00349259661800194	0.00238405105028196	0.00372748742501272	0.00523959779704128	0.00174423467187435	0.00200348002365352	0.0168220521293756	0.0037390194869502	0.00341280397905026	0.0297595709630915	0.00665729328055865	0.00781561766456546	0.00315915426075685	0.00132012024899935
T[T>G]T	0.0481354529343348	0.0115885549633171	0.00449789024791597	0.0173667827779529	0.0181859506928511	0.00828901781468343	0.0275520485290911	0.00639146674645968	0.00768747369986287	0.00451743890917899	0.00341427469636579	0.00477513866375121	0.00274762132128072	0.00424573663151552	0.00550582437184057	0.0292867616562091	0.00233399752594714	0.00757504393329535	0.0100898199092068	0.00604332500783182	0.00541352781913356	0.00265298546181395	0.0171406354527394	0.00558152590094098	0.00948808116065141	0.00672541003681877	0.0332716232526815	0.00843927813505495	0.0937414594536278	0.00250183029907408
